100009856807723
100009867529003
100010078381393
100011379312907
100021577837387
100022487471567
100023372264188
100024121879087
100027374795821
100027657696549
100028454316034
100035731546783
100036313951636
100036996166726
100040668314200
100042147370012
100045121144594
100046739503827
100046788761382
100049591622435
100051387124440
100052926000506
100053178556277
100055732417594
100056331246312
100056440814113
100059897817020
100060456204812
100062853480917
100063193304074
100063843769389
100063928396647
100064692663763
100068731899568
100069171046240
100069659568017
100069819223125
100069942812769
100070423143927
100070460441533
100070589470383
100071167493824
100071177300814
100071370890299
100071420266784
100071428058657
100071542822094
100071636083428
100071644159532
100071653279609
